1000 100
71 87 22016
32 65 8339
50 34 21869
94 2 20521
36 50 12192
26 28 28762
87 96 30214
63 76 1889
6 18 6866
95 40 9967
52 9 10940
47 56 18223
30 9 3395
11 70 21901
91 42 14528
50 6 23533
54 62 28360
72 97 25386
48 85 32429
90 66 19473
85 20 1837
65 90 23616
7 48 3451
7 71 14474
3 24 20305
11 20 3278
68 65 18098
6 75 16744
5 27 14709
24 3 26782
26 6 13280
67 95 4800
28 55 17618
19 41 1482
95 92 2894
62 89 32207
52 99 28779
71 53 11643
13 25 5615
68 7 16991
63 79 24866
90 15 18162
13 45 27290
35 34 27752
35 13 20238
79 15 8394
44 86 12922
28 48 27128
73 70 3597
54 6 23676
66 85 27331
59 26 15701
67 29 17814
24 5 36
11 19 22439
80 53 28513
43 82 11218
95 100 29316
55 80 7305
8 26 9791
85 85 22508
99 72 25927
29 64 11633
66 25 1078
46 20 32677
58 76 29065
35 31 3521
39 39 13011
10 38 13357
49 81 27284
29 72 4136
95 59 15955
36 25 29230
8 26 10989
4 77 3028
21 81 9536
92 99 6442
63 66 24465
20 85 15084
66 15 16475
69 31 7688
52 17 5497
48 57 13887
94 32 26299
55 58 3307
11 9 3429
28 96 16950
14 92 29236
63 93 11843
77 13 6615
4 73 24849
29 99 2043
33 16 25383
46 22 2911
92 74 24144
72 29 18825
70 24 3299
18 37 28439
4 43 18287
45 80 20925
87 17 5069
72 1 9071
82 40 1496
8 78 8775
41 26 24926
7 67 1835
33 15 3603
87 46 25921
61 50 24959
58 98 18090
19 44 22592
55 73 10016
19 55 24353
39 95 2922
9 98 5577
1 35 27851
86 69 20498
21 36 4554
35 29 22609
7 47 18954
58 79 25612
29 19 26896
27 78 7664
48 97 23587
50 64 27407
95 70 25004
26 40 30372
55 71 19649
59 38 26354
45 90 28093
17 3 14079
99 33 16662
62 6 23605
57 29 30673
80 38 27687
46 38 22849
57 20 13850
30 64 29682
40 7 1278
47 3 9202
39 65 20980
92 4 11998
18 50 25758
52 30 10829
62 49 1472
90 39 8087
87 39 21001
45 12 30734
15 63 13812
87 86 16156
82 13 31007
18 10 17388
93 26 20117
91 90 10871
44 16 28881
67 69 7231
47 5 13196
68 28 4857
11 9 31381
57 95 15334
66 78 31802
74 17 16578
62 4 28442
55 17 27492
68 55 3659
55 93 11141
47 65 3134
50 63 4683
29 86 27593
62 94 28042
5 46 6205
18 99 23771
58 42 18547
78 40 5365
39 4 3629
58 92 6636
39 77 14925
85 63 5959
17 25 18344
14 17 13578
95 60 6520
31 73 27427
91 10 22472
2 69 28896
76 52 25413
20 53 3155
3 62 2905
20 42 17880
53 28 13446
41 24 28172
11 50 16971
27 22 2304
83 84 12069
66 94 8047
27 69 5735
95 56 16176
36 31 24312
55 4 9809
67 22 835
85 71 16491
36 55 29141
73 65 21564
8 80 889
71 39 3973
93 56 22242
39 66 6582
84 34 22293
90 97 2564
69 19 6447
41 33 7107
43 100 26445
43 37 21576
22 48 2440
48 48 4006
20 25 31605
48 37 9711
6 71 2949
87 37 8429
88 82 13106
24 4 23156
19 7 6628
56 70 26029
42 78 31215
65 67 27159
45 44 22041
51 67 9483
80 35 26510
80 15 12035
79 34 14116
75 24 29693
16 24 16993
45 88 6827
70 33 11172
38 36 27728
45 80 5721
88 9 16246
17 43 17194
27 73 490
95 11 5502
99 41 21148
93 75 13008
37 18 14930
25 83 13728
74 32 2641
35 44 18698
50 98 19054
71 1 16205
28 97 31777
67 74 9405
100 82 24205
64 8 16899
47 99 24476
62 7 17296
15 65 4262
80 70 8615
14 79 22836
73 2 15232
44 55 20703
89 69 12599
6 9 12643
4 48 13239
41 35 17490
14 40 3773
34 1 7186
73 71 28831
6 89 24077
4 75 13445
91 60 29751
13 15 1843
63 83 13913
78 55 29584
72 74 4030
74 13 2966
5 34 25661
11 42 19273
73 87 4011
43 66 20200
94 32 23874
46 47 21112
2 22 20607
92 97 85
72 20 8057
17 65 9588
77 56 24280
62 73 17776
10 14 10684
73 57 3486
28 48 5213
66 18 7616
42 89 1587
6 28 22027
13 18 16602
60 53 9625
17 2 27416
73 66 385
22 27 936
71 45 3117
44 30 13756
94 44 21926
26 28 14672
58 60 20708
29 98 17354
84 72 28532
16 86 8561
97 21 7146
86 65 28363
49 71 21745
97 13 8416
45 56 17928
83 14 11755
91 98 14366
89 18 17423
97 64 25525
46 75 8700
60 25 24366
86 30 26033
14 71 26477
99 29 4025
41 68 26105
21 36 7579
21 48 12098
48 58 3150
99 75 19633
92 55 23534
95 89 4529
49 5 24598
97 81 2004
95 41 21621
80 91 15800
8 8 25508
81 52 1379
74 98 7754
64 6 550
36 39 23301
4 59 23378
12 28 11197
42 28 20532
95 82 4933
76 79 4927
30 6 32375
98 80 3410
45 99 17969
33 23 18280
70 55 15322
89 51 2116
22 98 2140
22 51 1240
21 69 1453
11 63 9582
48 66 17765
69 75 9954
74 59 15095
21 65 5741
10 42 3705
20 48 8145
48 79 1321
60 52 12520
15 19 16148
27 45 25311
75 3 21889
37 61 14502
94 35 15374
31 26 25444
46 37 13995
54 89 12514
21 85 20691
60 51 23888
84 57 5802
8 72 2267
32 47 28402
90 45 23260
4 43 27895
1 88 14256
49 37 21467
100 41 11133
14 65 24809
1 26 7019
13 99 22754
9 12 16411
55 58 21589
96 76 12125
28 57 29064
95 69 8320
27 51 30327
11 15 28075
24 17 7163
93 84 28180
38 58 17170
100 38 28710
54 22 18396
85 96 10184
100 17 4564
82 83 9313
83 55 30529
74 55 9041
17 57 6653
8 5 9982
62 14 7676
3 14 28568
4 84 3648
52 2 6729
82 54 795
4 15 5231
51 54 13546
87 51 3080
82 22 10417
75 81 25478
70 54 8259
4 33 16019
62 20 32213
47 83 20125
80 12 27442
62 9 26912
28 70 24297
45 70 30460
40 78 7717
35 83 17250
59 14 10269
27 89 27169
84 77 8241
22 15 28755
71 88 24116
28 80 16314
39 52 22646
26 29 7247
46 35 12678
68 39 3283
38 99 25542
47 86 25186
54 21 24391
53 76 24657
95 21 647
73 55 19684
88 20 13576
94 57 15520
14 82 8919
36 56 1348
100 47 14972
60 67 17065
57 20 10991
91 60 1826
41 50 17790
87 73 520
44 15 26571
61 20 27297
11 72 31824
61 88 8829
20 44 17416
72 94 6651
90 23 2598
64 63 23200
74 23 11022
75 55 1623
17 34 2532
77 17 26586
23 75 15471
37 79 12248
91 84 27428
36 37 31633
86 14 13200
79 96 5368
46 17 21885
74 14 20900
75 4 10119
28 25 23829
2 96 19968
53 80 25623
54 100 1862
99 21 21066
23 40 8964
50 38 28688
94 78 30199
6 44 32384
86 64 25124
80 13 16388
43 72 27559
16 60 32710
45 92 23686
33 20 28459
80 87 15911
6 78 26590
9 42 32095
82 57 6714
86 96 30256
82 51 15129
28 64 30389
14 12 12626
14 7 5319
61 26 25190
99 59 2149
49 86 24372
46 26 11490
11 76 9382
68 87 25957
6 40 14775
6 10 30025
56 54 31556
100 56 31564
31 56 12157
39 6 14015
29 25 22019
96 37 8208
6 7 26339
20 85 14946
60 79 8727
66 28 27152
48 92 567
80 70 7248
95 41 10359
50 54 13907
95 37 32046
80 45 9868
82 49 6003
73 68 8463
83 60 6038
62 4 6177
96 1 19331
25 9 29806
97 16 329
42 38 31879
80 76 11103
1 30 20878
77 73 15203
31 28 30531
32 40 11094
99 23 6088
45 61 25269
21 34 10195
62 64 19416
95 70 20019
78 32 22393
45 51 2506
13 64 10070
2 14 4969
18 81 30280
76 32 30008
49 66 25421
88 76 22409
50 66 22091
56 73 9037
83 83 6302
19 22 25726
29 53 16559
48 13 23358
56 38 1825
97 61 30848
73 60 21852
40 92 11113
60 23 10363
67 55 30424
61 30 4327
64 26 21173
14 42 30253
61 21 29417
99 43 10182
52 27 15933
33 2 30446
84 92 6509
43 33 27331
72 92 16174
82 17 26427
30 64 15358
65 33 10420
19 60 23791
68 26 4397
94 66 726
71 29 16745
98 11 26496
34 78 10123
65 69 2264
14 90 24039
87 54 11814
48 90 14370
3 15 26064
86 48 469
12 36 32325
28 16 2386
57 8 27383
98 92 27189
2 87 20110
39 27 30442
30 24 5563
69 26 27989
68 71 14939
48 69 8758
96 10 31934
39 7 20485
11 59 12631
59 84 2391
21 72 15134
33 18 17419
70 85 32611
91 4 22995
6 36 7668
95 50 980
19 55 4278
53 7 4718
7 98 6176
53 74 16238
58 99 5700
35 49 18489
60 15 16453
32 80 20148
77 84 28259
69 54 8938
54 83 23824
37 71 23753
8 57 30121
80 69 25708
54 19 17342
56 44 200
36 26 9241
89 3 4023
6 81 3294
79 75 30650
82 63 6783
97 43 739
65 51 25429
1 2 29641
46 76 1049
54 88 6264
17 97 29088
9 45 13492
1 96 28792
65 61 9225
74 31 12638
82 88 23939
35 43 2471
25 87 24066
45 86 8463
44 9 15229
92 46 19083
35 81 4799
49 6 9239
40 82 29273
18 55 6540
27 67 10463
93 20 4359
44 82 16817
83 92 27506
71 92 21208
23 60 12829
86 85 22461
72 31 21138
9 25 32716
32 62 15370
34 30 25918
77 16 7723
18 74 24475
96 25 32500
61 68 26297
99 87 28171
61 72 3643
32 48 21949
52 1 22246
87 37 24183
26 52 14917
46 40 6020
61 70 15977
48 89 12362
83 46 23249
96 50 3946
53 38 21696
75 51 4446
43 8 18565
60 62 16022
2 81 9854
1 47 26921
85 45 19945
19 35 27772
22 40 29879
82 77 19880
7 41 766
88 8 18779
20 47 16828
68 64 1153
32 79 2063
87 55 9990
22 98 16138
87 70 13413
7 61 29640
2 68 3046
59 40 4221
91 75 10933
69 78 2182
15 61 9277
95 40 6346
1 73 22887
35 12 1263
82 49 21933
24 33 17196
38 39 28968
52 25 9155
85 34 30969
50 4 32351
37 91 15299
91 88 7922
54 82 32268
26 52 23755
100 49 6850
52 32 18927
64 76 32312
51 86 3587
81 93 20051
20 100 5957
89 87 193
38 61 9582
90 49 26735
37 92 7529
15 15 30107
19 12 25156
50 35 4151
23 3 28368
42 12 10865
47 22 27838
21 25 31135
13 69 22850
77 16 15847
48 58 15495
75 19 13647
7 99 24686
83 36 21794
47 28 7286
29 36 15559
96 54 1983
83 77 6021
13 56 32640
64 12 24259
6 96 16239
86 60 13503
52 57 6889
29 64 28639
20 49 2267
61 55 30979
83 11 31163
8 95 25468
59 97 9751
95 9 13207
24 24 32122
28 33 12514
37 36 26818
57 28 29585
45 75 23
91 49 10408
11 70 29724
36 77 24285
6 80 2851
11 88 7761
70 9 1623
2 81 10116
13 88 22597
65 27 2617
68 76 7468
8 26 25386
18 17 3823
12 100 1969
14 98 2479
22 44 18646
96 29 29517
65 97 21350
40 92 18276
12 22 6391
88 92 31359
13 85 11784
40 94 10899
61 35 13220
2 20 30729
14 27 18217
12 52 14810
81 77 8484
82 83 22665
19 56 5220
92 63 18178
68 36 4271
32 44 7592
78 40 14527
26 45 6932
56 18 4468
10 63 3924
95 80 24660
35 86 18861
11 23 2524
64 6 22061
86 22 13356
94 48 32655
33 43 12558
21 5 29501
76 52 19052
55 26 24697
43 19 3763
89 16 18669
95 66 14005
94 44 18489
41 40 17661
75 94 10550
48 54 7877
28 81 768
88 65 10468
100 16 7445
85 86 30563
94 85 20727
16 56 27824
36 11 22849
30 74 19835
9 97 18705
56 72 24765
28 27 5153
30 94 16262
41 20 28448
43 5 3707
84 66 12537
6 17 2862
13 44 4395
75 63 12725
87 91 29798
32 14 21296
26 97 16384
59 67 21525
56 18 13834
98 87 386
10 56 30470
93 6 3813
71 48 17289
28 100 27062
16 11 18262
12 68 14104
35 99 26804
89 97 3999
45 96 6666
35 89 30602
86 84 20741
79 23 13875
10 4 24022
87 63 7556
58 36 13901
35 83 6833
100 50 13270
90 64 7044
77 11 4265
85 1 4
96 87 28584
32 20 1597
17 86 15291
36 84 28264
51 3 32443
78 17 4058
57 20 17688
9 94 19277
92 56 2791
85 85 17800
71 36 22525
7 37 11641
48 86 27710
28 9 4916
61 18 31304
22 38 4466
13 35 15906
25 13 20881
26 70 3747
85 14 21020
51 5 11161
33 59 25183
6 12 20483
65 99 2463
64 65 18143
90 88 7912
32 13 14930
96 36 16013
86 78 58
85 15 7372
24 61 5225
29 80 321
58 26 4115
56 4 3327
75 34 3906
17 72 23947
46 7 26691
32 57 14609
42 68 11883
90 11 17547
39 9 171
87 11 25262
22 2 28095
66 71 21211
84 98 4872
73 20 2407
13 25 22610
6 92 5874
2 32 6663
9 42 23216
46 8 1195
21 35 15302
57 86 10133
82 87 20522
5 7 10806
31 72 15281
78 33 26233
65 11 16419
87 10 17402
90 37 32662
71 85 23333
81 23 25692
55 96 29832
51 56 3653
31 65 14282
73 8 6924
44 72 7988
57 93 12317
78 80 22444
34 14 26147
97 92 27272
30 27 10994
28 33 13750
82 75 27856
22 41 8183
26 32 31279
19 46 29262
91 54 838
6 54 7375
84 15 10045
86 16 15467
27 76 31932
57 40 18546
47 70 9763
100 9 12773
30 24 19380
88 37 17351
93 48 23151
71 70 2829
57 90 13438
17 76 17900
21 32 10326
6 67 9599
15 82 5629
88 81 23086
27 39 13848
64 96 16949
17 10 3242
34 32 29499
7 88 16808
26 58 2782
67 50 29655
76 60 1942
15 9 11914
70 46 12910
64 2 2358
37 25 11085
82 68 12285
21 37 17654
98 8 13978
32 69 23272
72 50 13146
30 40 31415
79 91 17918
21 75 27554
55 35 28349
72 37 8818
14 88 965
33 68 21725
14 58 14307
41 46 30467
21 27 4929
95 83 18128
33 35 1876
48 68 29744
98 81 31095
85 15 17027
37 23 19395
93 44 32444
64 96 8737
71 64 9982
76 92 29107
43 66 29632
20 27 25334
54 47 26558
87 37 17243
70 26 29500
60 87 16679
5 69 24681
3 91 1229
49 79 31209
99 26 32043
87 93 31172
6 1 28755
34 92 7762
57 71 10429
64 92 5091
71 92 30490
92 46 1316
45 45 19236
70 21 27040
3 47 27156
93 95 24771
49 39 22451
98 43 24910
78 65 28440
36 5 4127
66 52 31377
20 7 32432
80 24 26188
