1200 100
1 4 32162
1 5 23139
1 15 34436
1 20 13517
1 21 11728
1 24 6166
1 34 31574
1 37 2811
1 40 4021
1 52 26571
1 60 26816
1 61 12658
1 64 15273
1 65 11675
1 78 11172
1 85 3243
1 92 30619
1 93 3715
1 94 22693
1 96 23041
1 97 27544
2 3 30954
5 2 17053
9 2 21056
2 12 7190
17 2 34452
18 2 9419
2 31 34895
2 35 32990
2 38 31819
50 2 8089
2 51 42865
52 2 3023
2 57 6600
58 2 29034
67 2 28325
68 2 29886
2 70 11169
74 2 6871
2 75 24423
2 80 30285
89 2 58723
3 8 7632
12 3 24918
15 3 4243
20 3 16510
3 24 20948
3 27 212
30 3 1917
40 3 20757
3 49 4740
55 3 12762
3 61 19285
3 63 24875
71 3 22043
75 3 28767
79 3 37254
82 3 24545
3 83 11234
88 3 14086
94 3 20412
96 3 27913
10 4 7354
11 4 24239
4 12 25430
4 13 5920
4 16 1881
4 19 2444
23 4 1639
25 4 26043
4 27 17447
4 33 18910
35 4 20394
36 4 4095
37 4 23371
38 4 32498
39 4 11769
40 4 11242
51 4 9443
58 4 32680
59 4 1012
63 4 13995
4 64 29201
69 4 3635
70 4 17353
4 79 12638
4 83 23291
89 4 14256
4 91 9796
4 92 23040
5 8 13835
25 5 3615
32 5 55972
5 33 8952
5 36 14118
38 5 9194
5 43 12365
44 5 12311
5 45 40339
54 5 330
5 59 22638
60 5 17893
62 5 10504
5 68 21120
5 69 16034
5 81 20255
83 5 1653
84 5 23082
5 97 20181
98 5 4100
6 7 10039
6 8 22549
9 6 4725
6 11 19646
13 6 23645
14 6 7830
6 20 28063
6 31 18835
6 36 20645
6 37 2506
6 40 21961
6 46 28489
6 47 21867
53 6 24693
6 54 3768
6 55 24783
57 6 1873
6 58 16938
60 6 25154
66 6 20632
72 6 2086
6 73 32702
6 74 23359
6 78 10036
6 79 31981
84 6 34223
6 88 31137
97 6 11109
7 9 23348
14 7 6099
15 7 18429
7 21 31451
22 7 7217
23 7 6691
7 24 5858
7 28 21910
34 7 25291
42 7 6259
7 44 10555
7 45 15809
46 7 19532
7 48 3008
7 51 13108
52 7 24448
7 55 20337
62 7 11113
7 64 17666
7 70 26737
76 7 5405
83 7 15774
87 7 31474
7 89 15265
90 7 34300
94 7 16219
8 12 23814
14 8 22078
8 15 19885
8 20 899
8 23 17401
8 25 26574
26 8 4120
8 29 13552
34 8 22183
36 8 12778
39 8 2003
8 42 15240
43 8 8130
8 44 1378
8 48 11427
50 8 9955
55 8 28368
58 8 20782
59 8 12729
8 61 4140
8 65 70930
69 8 4871
8 74 11551
8 75 11391
77 8 32689
8 81 2670
8 82 23341
8 84 6911
8 89 4956
8 94 19275
95 8 13333
96 8 23647
8 97 10351
9 11 29984
9 23 8653
9 31 4765
9 33 13593
9 40 31577
9 46 10024
9 48 26266
50 9 12106
9 53 5480
9 56 13134
61 9 27723
67 9 16535
9 72 35719
9 73 12521
74 9 19315
82 9 22120
11 10 4000
10 16 9894
10 31 2929
10 37 31970
47 10 29514
49 10 18296
10 50 18213
10 52 29137
58 10 24082
62 10 32550
10 65 38058
10 66 16148
77 10 22400
82 10 11842
10 95 29449
96 10 22679
10 97 6473
98 10 19984
99 10 9735
10 100 8338
14 11 22087
11 17 16684
11 24 21859
26 11 20065
11 31 22923
11 33 16562
11 36 1489
11 39 5858
11 42 52500
11 43 12128
11 44 12589
11 46 20731
11 53 8697
57 11 28091
58 11 2542
62 11 2435
72 11 8259
11 74 24905
11 75 40308
11 84 12469
11 97 28577
11 99 27279
11 100 17192
12 15 21313
19 12 25007
21 12 24305
12 22 10394
12 23 5327
24 12 10992
25 12 46045
12 27 30555
29 12 16876
32 12 21844
34 12 8367
35 12 8036
12 36 30857
55 12 12286
12 59 33394
12 60 18739
12 62 3721
12 71 27238
12 72 5812
73 12 20102
75 12 32634
12 78 6996
12 82 10240
12 99 14412
13 16 11111
24 13 7933
25 13 4791
13 28 30504
13 35 20438
13 36 21539
38 13 4414
13 43 8510
45 13 12803
46 13 36734
69 13 28262
71 13 15679
76 13 24226
13 80 22712
82 13 15185
91 13 28718
13 95 5879
13 100 14824
14 16 16263
19 14 31325
21 14 6201
23 14 18116
26 14 4646
36 14 22414
14 44 26503
14 45 28901
14 46 20958
47 14 1791
14 53 23916
58 14 6688
72 14 27639
14 81 5731
83 14 22985
88 14 12067
91 14 4533
14 93 12138
14 94 14360
15 18 13368
15 19 21823
15 20 17833
15 29 13718
15 30 27254
15 37 6929
15 45 21748
46 15 272
15 49 26565
53 15 7352
55 15 8068
57 15 21695
59 15 9724
79 15 11000
80 15 12866
15 83 23403
85 15 7387
87 15 11088
88 15 52596
90 15 4052
93 15 2267
94 15 1679
96 15 27875
16 17 2054
20 16 5256
16 33 2418
34 16 15336
39 16 19318
44 16 415
49 16 7979
16 56 24719
59 16 10137
16 66 30506
16 67 28016
16 68 29799
71 16 10662
16 73 24080
16 77 24450
16 78 16886
16 79 4869
85 16 31371
88 16 2923
16 93 17490
28 17 32144
30 17 3044
33 17 8060
17 36 23899
17 37 12165
17 42 13718
49 17 31140
17 55 20885
17 58 24454
59 17 20856
62 17 14232
67 17 20151
17 68 4709
17 69 2416
77 17 22502
80 17 21515
17 91 19002
17 94 46975
96 17 9581
98 17 12772
17 100 26198
18 21 23264
18 26 716
18 29 24505
31 18 22095
34 18 25200
18 36 18434
18 40 13336
18 41 22567
18 46 1839
47 18 21652
48 18 5286
51 18 1481
18 63 26734
18 67 2716
18 72 11259
73 18 32298
18 76 15629
78 18 6223
82 18 25399
83 18 18519
88 18 12697
18 96 48762
19 34 10996
35 19 5672
19 36 16433
40 19 16454
19 42 17985
19 48 32413
19 51 5685
19 57 26609
19 61 15067
63 19 9253
19 69 26959
19 73 10717
74 19 16743
75 19 18034
76 19 19170
19 83 869
90 19 2430
19 93 12725
94 19 18198
98 19 23362
99 19 6124
19 100 4292
20 21 17141
20 23 11482
20 26 31975
27 20 17515
20 28 12902
20 31 7296
20 32 8862
34 20 13289
48 20 26220
20 55 9033
20 58 25460
20 59 7307
20 62 29692
65 20 25137
66 20 5310
71 20 18130
20 76 17623
20 81 2864
83 20 27403
84 20 9512
86 20 25779
88 20 25489
20 89 11850
92 20 29902
93 20 5326
97 20 25884
23 21 21674
21 41 21750
21 42 10903
21 46 4104
21 48 18946
21 52 10222
21 57 28805
58 21 17023
62 21 23215
21 63 2070
66 21 23192
21 67 12080
78 21 11372
21 82 20692
21 87 28859
21 97 22607
21 99 6910
21 100 5133
24 22 15126
22 33 24244
34 22 23046
36 22 6488
47 22 15506
48 22 3250
22 61 7359
22 70 7049
22 73 1533
22 74 16438
76 22 25705
83 22 17915
22 85 27663
22 87 20341
88 22 31026
97 22 7833
99 22 31624
22 100 18518
27 23 19871
30 23 1370
35 23 7811
23 44 23506
23 49 29804
23 50 15249
56 23 7127
58 23 21308
23 61 16306
68 23 28951
69 23 5524
70 23 9707
23 71 56907
23 76 7601
77 23 13803
79 23 22123
80 23 15129
23 82 4358
83 23 32428
23 85 23910
92 23 10922
93 23 26483
97 23 12339
25 24 4163
40 24 8214
42 24 3749
24 43 26070
45 24 4481
24 52 23069
24 62 32650
24 66 12781
24 70 21585
24 72 5867
73 24 20393
24 75 31892
76 24 805
24 78 32470
24 82 19473
87 24 4633
90 24 2845
92 24 32722
94 24 22545
24 98 1237
28 25 18096
25 42 29985
52 25 2917
25 54 11758
25 55 10799
58 25 18212
25 61 45986
25 67 7786
25 88 15598
89 25 14085
25 91 29577
26 27 27379
26 32 28771
49 26 14019
26 52 26643
26 58 24369
65 26 12119
67 26 11183
70 26 22945
26 77 5919
79 26 23744
86 26 23798
88 26 763
93 26 12477
27 33 8147
37 27 6987
27 40 22591
27 41 21686
27 42 24830
27 45 24167
27 47 14535
56 27 2906
59 27 25534
27 85 15533
27 86 28410
27 87 22536
27 89 17404
27 94 25664
96 27 31370
29 28 22093
28 32 10386
34 28 6392
35 28 15596
36 28 3581
39 28 8997
44 28 4772
54 28 13396
55 28 9489
56 28 22002
58 28 25874
28 64 22820
67 28 26643
28 70 538
28 78 14179
80 28 32695
83 28 9194
28 87 25160
28 99 23827
31 29 12850
32 29 3406
34 29 3364
43 29 24121
47 29 12509
53 29 9059
59 29 14302
60 29 23740
29 74 21092
29 75 233
78 29 20312
29 80 30460
87 29 16316
29 88 5417
29 91 3457
32 30 55421
30 34 7452
30 39 33504
30 45 6188
48 30 12280
54 30 7324
30 55 180
59 30 22798
30 65 19046
71 30 17461
30 79 20890
30 85 18730
30 88 14052
89 30 26265
92 30 9301
94 30 2715
30 96 23488
30 100 13075
31 34 6192
31 38 36263
40 31 9706
31 45 10335
50 31 11133
53 31 9177
31 64 32184
65 31 903
31 72 24926
31 76 3520
78 31 23993
80 31 22965
81 31 53279
31 86 13779
31 96 23887
32 36 2307
32 37 14918
32 42 2090
32 43 19402
32 45 24899
32 48 10222
49 32 6943
51 32 26420
32 52 25077
54 32 20491
56 32 25394
32 70 31750
87 32 12200
96 32 15906
99 32 26850
33 36 29457
33 43 29149
33 49 53246
33 54 22373
55 33 31702
33 57 32444
33 63 29283
65 33 29265
33 70 1414
33 71 5164
33 72 8587
78 33 29911
81 33 27707
33 82 29128
33 83 21143
90 33 30380
33 93 21175
94 33 21159
33 97 936
33 100 30846
40 34 14988
34 45 8030
49 34 21803
34 53 16569
58 34 503
59 34 29358
62 34 23006
63 34 12626
66 34 11996
34 67 21036
68 34 18176
69 34 21852
34 70 13437
87 34 19871
34 89 4705
35 40 9550
41 35 17969
44 35 1929
35 45 9802
35 48 18594
35 50 27124
35 52 24079
56 35 28745
59 35 15505
35 65 28919
70 35 24402
35 72 5256
79 35 18560
35 86 21610
91 35 19108
92 35 6428
35 93 7362
94 35 24965
35 97 22294
36 41 2841
36 42 22849
36 51 29543
56 36 4787
36 60 25258
61 36 10341
36 71 32124
73 36 8848
36 89 29869
90 36 6689
91 36 6245
97 36 30069
38 37 1271
37 41 27692
47 37 7905
37 48 19598
37 50 26095
37 52 26659
55 37 20956
37 56 5777
37 64 20985
37 68 24209
70 37 29306
37 72 27082
37 73 11758
79 37 23830
37 99 21123
40 38 27458
46 38 1637
38 55 30265
56 38 18984
59 38 39672
60 38 20681
64 38 16333
67 38 12788
70 38 22187
38 83 26567
38 96 1349
42 39 5419
39 48 12705
50 39 62607
52 39 14418
39 53 7266
39 56 8120
63 39 13192
39 69 771
39 71 22991
39 79 18002
85 39 29601
88 39 22096
89 39 12008
90 39 17826
40 41 19920
40 44 27155
40 48 25139
40 54 10039
60 40 17449
69 40 801
40 73 26716
40 74 13613
40 78 3116
88 40 24289
99 40 30359
40 100 22351
42 41 6639
41 44 13671
49 41 3173
41 50 1157
41 57 11619
41 69 31987
72 41 23647
93 41 28762
97 41 32615
42 43 10048
44 42 8009
42 50 11789
52 42 16764
53 42 1099
42 56 23609
42 59 30740
61 42 52872
42 63 28477
66 42 17484
42 67 30952
68 42 32716
42 79 19244
42 84 26851
42 91 15036
42 92 1702
42 94 32457
42 96 27415
42 98 23100
45 43 22483
43 48 25623
43 60 25243
43 61 17777
65 43 10804
72 43 1257
74 43 31270
43 77 6303
81 43 17555
87 43 1409
43 92 147
43 98 28035
99 43 4291
44 46 4714
50 44 24235
44 53 14601
44 56 25800
44 57 31044
44 63 14964
64 44 11899
67 44 26518
44 71 4600
75 44 9433
86 44 22242
87 44 160
93 44 19286
95 44 11439
96 44 28575
98 44 17205
45 61 22960
45 63 31678
64 45 22603
45 66 3801
45 67 11241
68 45 9298
45 71 31198
45 78 1356
45 84 30063
88 45 7108
45 99 21229
46 54 16570
58 46 28564
59 46 30978
46 63 22729
46 75 38960
76 46 15302
78 46 85725
79 46 12466
46 80 14556
81 46 19360
82 46 3267
46 86 22262
90 46 9476
96 46 17772
46 97 8780
47 53 16204
57 47 30583
58 47 22066
60 47 3572
47 61 24829
47 66 6008
47 76 18152
78 47 8289
80 47 6543
81 47 27188
85 47 23458
86 47 2121
91 47 23593
97 47 15964
47 99 16355
47 100 13902
50 48 4119
51 48 30835
48 61 10390
48 66 24148
48 72 30853
48 73 8586
76 48 17155
82 48 30655
85 48 6996
87 48 5816
89 48 14348
92 48 19844
95 48 29533
48 96 24163
98 48 5107
49 51 9975
56 49 29237
49 57 12668
59 49 17418
49 67 10839
69 49 24087
49 71 4322
85 49 1612
49 89 27608
49 90 62501
49 93 25454
49 95 18376
97 49 11482
50 52 1739
53 50 22309
56 50 6380
50 69 17665
78 50 3949
83 50 15613
50 93 19178
50 94 21477
95 50 18065
60 51 26142
51 69 9978
72 51 12417
80 51 18495
84 51 16061
51 87 4390
89 51 27406
91 51 27711
51 94 19635
53 52 20246
52 55 32036
52 64 23776
65 52 18415
68 52 27961
52 70 25040
52 77 23983
52 80 18121
52 87 10413
91 52 32616
53 60 10278
53 64 17086
67 53 28468
73 53 16261
53 75 6178
77 53 22774
53 84 23649
53 85 19168
53 87 9509
88 53 5116
53 96 12474
54 66 1354
67 54 10751
54 74 2280
54 77 2199
54 80 1563
81 54 13657
54 83 22452
85 54 56310
90 54 2713
54 97 25197
58 55 25086
61 55 30961
55 62 32631
55 63 77712
55 68 21070
55 79 5019
81 55 29802
55 83 15350
92 55 16227
55 95 6460
63 56 30810
74 56 27606
56 75 21188
79 56 9359
83 56 7143
56 87 8317
89 56 12426
95 56 17570
96 56 35758
61 57 26804
57 64 28484
57 65 31871
73 57 48228
75 57 7580
77 57 2332
57 80 17106
86 57 8294
57 89 2352
90 57 24140
98 57 26043
59 58 6612
62 58 31320
58 66 6477
68 58 8091
72 58 26655
58 79 14052
89 58 23595
92 58 24631
97 58 8798
60 59 3616
61 59 14197
59 66 27782
68 59 20096
69 59 25450
59 79 6904
59 85 24882
60 62 20837
63 60 24477
60 77 23964
78 60 29911
60 79 32165
82 60 8612
60 91 17771
60 95 28905
60 96 25536
98 60 13150
62 61 50767
64 61 20359
68 61 25059
61 69 22949
61 75 21673
76 61 9623
61 79 26954
80 61 9300
61 84 4854
87 61 14991
61 88 50771
92 61 5333
93 61 2300
96 61 22455
61 97 26717
61 100 11647
62 65 29434
67 62 22411
68 62 17611
62 76 12091
81 62 24123
62 89 2664
97 62 6518
63 65 3851
63 68 4459
63 70 10926
63 73 21407
63 78 9669
79 63 19546
63 80 477
63 87 20611
94 63 6731
99 63 26297
63 100 10947
64 65 16763
64 74 25980
76 64 12196
83 64 25435
85 64 3938
87 64 12123
91 64 7298
64 92 9862
65 68 21587
74 65 18487
65 78 22501
65 85 14536
65 95 27790
98 65 27733
67 66 24832
73 66 28896
66 75 18485
66 76 6972
66 81 19845
66 91 25357
68 67 18511
79 67 31603
67 82 10839
67 86 20243
87 67 13228
67 92 10061
67 94 6127
97 67 16355
67 100 26729
68 69 5363
71 68 4794
73 68 19582
68 74 21422
68 75 19248
77 68 30606
79 68 7091
82 68 18791
83 68 28762
68 85 28752
89 68 8351
97 68 15936
71 69 3775
72 69 1690
75 69 7163
77 69 22671
78 69 20871
69 87 6446
69 91 18558
78 70 4774
70 82 17367
87 70 18852
88 70 17376
70 90 2574
98 70 15680
99 70 20888
71 73 10304
71 74 10262
71 80 18161
85 71 15663
71 86 12568
71 89 15354
93 71 22775
71 98 22049
72 77 11941
95 72 2029
75 73 3638
82 73 9903
73 84 8902
85 73 25005
86 73 18916
73 88 7591
73 89 25119
90 73 14057
98 73 24875
75 74 16061
80 74 2199
74 81 30060
74 82 19515
93 74 5407
74 96 6544
81 75 15765
75 85 25248
75 87 12617
91 75 27791
75 100 10960
78 76 20202
76 80 8197
82 76 14763
76 86 9611
76 93 21239
76 94 2877
76 95 30840
76 96 10290
98 76 28837
77 81 25850
85 77 24539
77 86 9749
88 77 133
77 91 30807
97 77 3816
99 77 17333
78 79 26262
83 78 3936
78 86 31596
89 78 8206
78 100 27679
79 84 15828
79 92 9358
79 95 14748
79 96 13582
79 98 22896
80 82 7389
80 85 10478
86 80 16313
80 87 18125
92 80 5423
80 94 26732
80 97 11883
80 100 4560
81 86 19694
81 89 1078
98 81 14119
81 100 29507
86 82 32004
87 82 4639
82 88 23529
91 82 21046
82 97 29565
83 85 1643
83 95 16007
97 83 31436
83 98 19011
84 86 29459
94 85 22461
85 96 27218
85 97 18979
85 99 15954
85 100 21916
94 86 6323
86 95 32151
86 97 4930
99 86 31504
86 100 29186
87 94 7152
87 100 16065
90 88 4779
88 94 9102
95 88 1228
99 88 6285
88 100 5355
90 89 6322
90 94 17769
93 91 18261
91 94 24090
91 100 25321
93 92 18797
95 92 26624
92 96 9459
97 92 24777
93 95 5473
93 97 17184
93 100 28867
95 99 6800
96 99 3913
96 100 27961
