183 95
1 27 22497
1 65 24538
1 68 19663
1 88 1000
8 2 24470
2 64 16637
70 2 24763
7 3 7994
3 20 22570
3 38 7486
65 3 31482
3 69 3511
4 23 14252
55 4 41024
4 58 8264
92 4 28446
6 58 2944
90 6 7104
10 7 20089
7 44 18543
7 73 28459
8 25 22457
8 76 27893
8 80 1962
81 8 22464
29 9 22246
9 44 31252
74 9 27192
14 11 4172
21 11 14274
37 11 6859
41 11 14758
11 58 29942
15 12 28424
16 12 1743
50 12 13246
51 13 31569
13 60 14305
13 68 9458
13 77 4413
14 16 8935
31 14 18243
65 14 27699
86 14 14623
17 15 6399
39 15 11890
15 44 32009
15 85 12312
27 16 6119
31 16 28670
52 16 799
61 16 1374
68 16 52911
69 16 10597
33 17 22753
48 17 28504
18 94 190
87 19 31542
46 20 17276
59 20 8716
91 20 30460
20 95 11695
21 33 26358
72 21 32216
22 87 13236
39 23 31854
23 67 25659
23 69 20768
23 71 3875
73 23 20452
23 79 15954
91 23 2355
24 90 26501
27 25 21146
25 41 1569
25 51 2265
25 61 24731
25 79 28015
85 25 32110
91 25 28262
25 92 26696
83 26 16534
26 84 27185
35 27 7541
27 42 30216
27 67 4560
78 27 27389
76 29 13379
29 89 25278
30 58 21205
30 68 3425
34 31 4288
31 41 23524
43 31 19293
32 39 6369
44 32 22589
49 32 32445
32 59 4573
32 89 19510
63 34 18873
68 34 17053
59 35 16590
36 38 15218
36 51 17983
62 36 28682
77 36 27708
37 51 5516
37 66 2223
94 37 2788
53 38 14349
38 66 5437
93 38 5519
39 42 17460
61 39 7055
69 40 29889
40 89 13800
41 74 7137
42 52 3595
44 72 11445
77 45 8288
45 94 19213
55 46 3825
46 59 13893
46 60 6645
46 72 13645
46 75 16281
52 47 29342
47 68 14612
47 75 32184
76 47 2307
48 61 4897
77 48 30801
50 52 32116
50 60 7334
68 50 10370
82 50 22028
50 83 15713
60 51 10106
66 51 15422
70 52 6249
52 77 31468
53 58 5076
56 54 2739
57 54 180
83 55 18423
79 56 19799
56 82 29990
76 57 30308
58 60 16127
58 89 19397
59 60 31428
63 59 29155
81 59 30109
61 67 9887
61 75 28618
79 63 20539
64 76 3082
88 64 20705
83 65 1044
65 95 31179
86 67 22540
76 68 31108
68 84 4542
68 85 6766
82 69 3556
76 71 7080
72 73 5491
72 84 21060
84 73 16926
73 85 2579
92 74 23298
85 75 27258
76 78 3476
83 76 30900
76 84 18104
76 90 7864
79 83 15572
91 79 31311
79 92 7244
81 86 14071
90 81 8635
93 82 16606
92 88 8039
