148 62
1 24 22347
1 26 16744
1 30 4320
1 35 15121
2 5 8708
55 2 12886
3 22 559
27 3 23310
3 40 19281
3 53 16813
11 4 23439
4 15 19259
4 39 28331
49 4 29742
5 6 27080
44 5 10136
33 6 12433
6 42 3179
6 46 13978
6 48 1822
22 7 18439
7 32 30584
7 45 3461
8 9 14478
22 8 14149
8 24 20651
8 26 13749
8 28 10749
8 40 17986
54 8 18038
9 23 20016
29 9 31369
9 34 26769
39 9 22061
9 61 8988
23 10 7509
11 14 25509
11 37 10367
11 43 21293
45 11 14926
11 55 24774
11 57 2655
60 11 226
24 12 24896
31 12 20716
12 33 7487
36 12 8902
13 22 17615
23 13 30173
25 13 4995
26 13 23444
13 51 18792
13 61 1522
22 15 11726
25 15 16906
31 15 11372
32 15 30232
17 16 32529
16 30 2171
16 37 25724
16 44 12581
53 16 10150
16 56 13895
16 59 28311
17 24 6402
17 41 6220
17 48 23123
50 17 27890
24 18 18465
28 18 23304
18 33 23432
18 62 22969
28 19 19041
19 45 6493
19 51 14155
24 20 25671
42 20 20249
45 20 1513
21 25 15252
30 21 16405
21 42 21701
22 25 15562
22 37 14508
22 49 26968
22 51 10948
55 22 4287
22 56 14980
23 31 7833
23 39 16299
47 23 13305
23 51 26326
52 23 52240
23 58 37583
25 24 23850
24 45 4136
51 24 12507
26 25 25677
37 25 19540
60 25 31531
36 27 15320
28 40 980
44 28 4745
50 28 12231
48 29 1307
29 60 3542
45 30 18627
30 61 24468
55 31 15172
53 32 23246
42 33 4090
43 33 27829
44 33 23533
33 47 25893
46 35 1016
49 35 27705
36 60 26425
38 37 14722
39 37 8587
37 44 15649
45 37 31007
57 37 11021
60 37 2709
38 50 19022
38 51 21142
39 42 8553
60 39 8146
44 40 8095
40 60 16505
42 62 14842
43 50 7810
43 57 12096
44 45 8172
51 44 61391
44 54 23246
47 45 16171
45 54 27931
45 56 8093
57 45 10701
49 46 26899
48 56 20806
50 51 1358
50 60 566
51 60 32498
56 52 19618
53 62 22256
55 54 15805
59 57 6349
58 62 717
