111 40
1 3 9438
1 4 4390
1 11 10727
1 12 14555
1 27 20678
1 32 24186
1 33 28053
1 36 2784
1 38 26395
2 15 15532
29 2 10545
2 34 9555
2 37 10608
3 9 30265
3 14 3383
3 23 4337
3 26 27523
28 3 18907
3 31 18542
38 3 12663
10 4 32296
4 16 693
32 4 25599
4 40 24903
6 5 13941
5 11 17161
5 15 28632
5 23 12605
26 5 21896
5 27 18475
5 28 14525
39 5 12920
10 6 12448
6 13 11001
14 6 7751
19 6 27530
23 6 21561
26 6 8016
31 6 2703
6 33 20196
39 6 24149
22 7 30938
7 38 3916
7 40 12997
8 15 26143
8 23 15537
8 25 18116
8 33 32180
13 9 2644
9 23 5582
9 27 21908
9 28 261
9 33 54712
34 9 30418
37 9 27131
10 20 35692
10 28 13729
32 10 5509
17 11 28227
11 32 19566
39 11 4611
12 23 32707
12 29 16701
37 12 14531
20 13 22781
13 26 13380
13 32 21030
30 14 1738
14 36 27005
15 19 16341
15 28 14999
29 15 32518
30 15 15570
18 17 24327
23 17 25835
29 17 3553
17 34 25119
19 18 1903
29 18 19643
19 20 20058
19 28 10139
36 19 22933
39 19 18560
23 20 17534
20 25 2960
32 20 29971
37 20 17704
27 21 18145
21 37 7053
21 40 23718
23 22 48880
22 24 3536
33 22 2399
22 37 17353
26 23 8390
23 40 640
29 24 24107
30 24 1564
24 31 4750
32 26 32592
37 27 13516
28 36 1409
29 35 25185
39 29 26712
34 32 25196
32 40 3261
33 40 22375
36 37 21798
36 40 10561
37 38 23778
37 39 17331
