83 59
1 55 23957
1 57 5181
19 2 1774
3 35 21935
3 37 26959
3 40 1273
36 4 16412
4 48 26252
52 4 24738
4 53 11742
5 7 24767
24 6 25352
51 6 5414
52 6 5560
12 7 8164
7 34 5961
35 7 13531
39 7 8634
57 7 10252
14 8 17266
23 8 11424
8 37 28311
38 8 3295
8 42 5347
8 46 17946
55 8 5931
16 9 1010
18 9 2056
19 9 4519
9 23 28140
57 9 8574
10 25 21847
49 10 27032
24 11 9118
11 34 19824
37 12 12927
13 15 11308
23 13 29377
13 59 1218
14 24 30032
14 48 31741
25 15 10261
15 39 6468
15 49 29050
16 25 15806
16 37 2248
54 16 9884
16 58 29397
17 20 31275
17 47 11280
18 32 11639
18 35 6285
31 19 12736
19 39 180
19 46 20809
20 23 23646
56 20 22733
24 22 26619
22 59 20726
40 25 28186
57 25 17814
45 26 28412
50 26 6889
30 27 9595
50 28 21006
52 28 9194
29 42 18927
29 55 21073
30 51 1466
31 49 21881
39 32 14222
32 43 16771
34 35 4482
40 35 12490
35 58 9526
37 40 15214
42 37 20690
38 57 17591
45 46 7359
47 55 23790
53 52 22848
55 52 28453
58 59 32212
