83 39
1 4 27536
1 5 8061
1 8 15102
1 14 30240
1 17 9910
1 20 29997
1 33 28486
2 20 4604
24 2 23532
36 2 5308
38 2 25481
2 39 9426
4 3 28713
11 3 18887
3 12 3880
18 3 24496
27 3 15832
3 34 24093
4 5 15179
8 4 14865
19 4 27262
21 4 18181
4 23 6248
27 4 22289
36 4 15182
5 17 24449
12 7 9354
7 20 9480
7 37 31363
25 8 3064
8 27 14031
8 38 12876
9 16 20111
17 9 19464
20 9 10624
21 9 15213
9 23 23053
34 9 22735
9 35 24814
9 38 16629
9 39 27825
10 12 19805
16 10 19519
21 10 17127
10 24 15902
10 32 31783
22 11 29070
29 11 27953
21 12 212
31 12 8018
12 34 25869
22 13 2366
14 36 10487
15 24 3426
16 39 4567
17 24 31414
17 31 11318
35 17 1806
19 23 4973
19 32 374
33 19 1950
36 19 1158
20 31 4799
32 21 18304
35 22 32677
31 23 6934
35 23 24316
23 37 30620
25 27 21399
25 30 29243
29 26 990
32 26 14806
26 36 15415
33 27 5734
29 28 31755
28 35 11044
28 37 12134
36 29 26505
29 38 20199
30 37 16448
35 31 9084
37 33 3719
34 36 22360
