134 33
1 6 26782
1 8 3412
1 9 3394
1 11 8677
1 14 22288
1 18 22885
1 19 28279
1 20 23412
1 23 9751
1 24 7861
1 27 10038
1 31 23902
1 32 20358
8 2 22452
9 2 8310
2 20 30838
2 28 10688
29 2 7999
31 2 31769
3 11 22223
12 3 30657
3 15 29752
18 3 18820
25 3 24517
3 28 6087
32 3 14121
9 4 1475
4 14 16868
4 15 21727
4 16 26012
4 19 13725
20 4 9439
21 4 4009
4 23 18105
4 26 5770
30 4 33940
4 32 10017
4 33 8527
5 10 22653
12 5 11121
13 5 14454
5 19 27467
5 20 29864
21 5 31514
5 22 8994
28 5 32261
5 30 5401
7 6 8050
6 11 582
18 6 19084
19 6 18386
6 22 2784
30 6 22220
32 6 15493
7 11 20831
7 12 21629
15 7 37598
25 7 19547
30 7 12984
8 13 16774
19 8 6149
26 8 38131
9 12 26278
9 18 17239
9 20 12877
9 24 28370
27 9 17607
30 9 15147
9 33 19271
22 10 11712
31 10 17615
11 12 19468
22 11 19743
23 11 22518
24 11 9509
26 11 3431
28 11 11165
11 32 9150
13 12 25733
13 18 33343
21 13 4950
13 22 8044
23 13 893
13 26 24028
13 32 17259
14 19 30648
14 21 46786
14 22 330
29 14 8525
15 20 48167
15 23 32355
24 15 3082
15 26 30981
15 30 26868
15 33 1492
16 17 5698
16 18 11275
21 16 16727
31 16 22736
17 18 26425
19 17 14189
17 21 22765
17 22 12608
17 26 10653
17 27 2397
17 29 28865
22 18 29130
26 18 18798
18 32 18078
18 33 349
19 21 26754
19 27 12415
20 24 30604
26 20 25872
23 21 15630
27 21 18842
21 31 61
23 22 11721
26 22 9166
22 28 24437
30 22 26187
22 33 29113
28 23 17190
23 33 10621
32 24 17077
25 28 21642
25 29 3718
25 33 24653
28 26 29535
26 29 28262
27 29 26112
32 27 25425
28 31 13995
31 29 27596
