152 55
1 17 2707
1 19 6051
1 21 25434
1 23 32096
1 29 515
1 36 17053
1 37 26850
2 17 6066
18 2 16409
44 2 2369
3 11 23749
3 31 30161
32 3 6121
36 3 12129
3 42 17346
14 4 23638
18 4 26368
4 25 29524
26 4 13295
4 33 3968
4 35 2942
4 39 1120
4 40 11457
4 44 21595
4 53 26027
5 12 15532
5 15 20692
17 5 11732
22 5 28181
5 36 9056
44 5 14713
52 5 28373
7 6 56005
6 11 22744
6 16 25506
23 6 18207
36 6 10031
6 37 12738
14 7 31460
19 7 21848
7 22 23510
7 27 11082
7 52 18763
15 8 13392
32 8 12131
34 8 31105
8 53 20977
9 20 10019
9 31 28071
9 32 23184
34 9 15944
9 51 23229
16 10 27735
10 22 19351
31 10 17677
44 10 15918
10 55 28615
22 11 2808
26 11 16900
11 42 1766
11 52 17793
30 12 25014
32 12 27479
12 36 14548
19 13 9545
13 27 7992
41 13 28104
13 51 11921
15 14 11652
16 14 7510
14 38 29193
14 39 6349
14 46 6570
15 18 25847
15 21 26410
41 16 14210
42 16 21182
52 16 11114
16 53 28993
17 26 32347
17 30 28785
17 35 28810
41 17 29752
17 42 25314
17 44 13273
48 17 2035
26 18 22936
27 18 16222
18 52 11320
18 54 4151
19 28 15129
19 33 19886
39 19 25852
53 19 11599
20 54 4496
30 21 9816
31 21 37703
32 21 11064
35 21 853
22 27 22909
28 22 7637
33 22 25654
22 42 14508
22 49 48722
53 22 31989
22 54 22481
45 23 31894
23 54 19643
24 26 28254
24 27 24689
35 24 14598
25 29 5912
30 25 13971
27 46 4984
27 54 34799
44 28 12359
48 28 30631
28 54 2229
34 29 30761
41 29 23346
46 29 31628
47 29 26858
30 34 17516
39 30 11272
30 55 4239
31 33 994
31 38 543
40 32 21920
52 32 24106
46 33 16648
50 34 25972
34 51 20016
35 37 992
47 35 27791
35 49 9448
35 52 15490
39 36 31036
36 45 289
36 47 33991
36 54 8749
37 39 9656
48 39 25756
39 50 3054
39 52 16639
39 55 22198
42 46 24475
50 43 9235
53 43 11537
44 47 27463
44 50 13156
53 51 17581
51 55 31784
