20 50
1 2 45837792
1 3 182179700
1 4 79773896
4 5 173941680
2 6 925292478
4 7 368866080
6 8 582729234
3 9 223168365
8 10 209349828
9 11 90637752
10 12 54579713
9 13 13953060
8 14 160954348
3 15 53012736
1 16 11488681
4 17 420725402
14 18 201054241
2 19 454496640
14 20 141307964
16 12 638478764
9 6 52656156
5 18 176113977
11 17 58256000
4 12 1796498
6 20 49129899
13 7 25943008
10 2 374941710
6 11 399650550
9 17 309481243
19 13 237729212
3 3 3716928
10 6 375872651
10 4 890402
8 9 521106820
19 10 56742360
14 17 243456474
16 15 422292838
6 5 35892113
4 7 63796797
3 14 75133448
2 4 635933716
12 9 7075710
18 8 564383799
6 19 429547300
3 11 15890016
1 15 107799680
19 10 666732306
3 11 294147350
18 1 481094115
13 19 91023936
