500 200
165 194 31593
77 79 12359
133 163 6037
181 24 10478
130 105 25131
72 24 2391
116 1 7602
86 163 8893
124 148 16823
120 76 14864
8 159 10190
72 115 31373
63 177 7613
133 183 18241
129 168 18519
52 159 6062
62 109 28311
83 58 2870
181 27 31471
162 181 24560
147 150 20720
47 86 19728
98 142 4019
105 188 13846
154 177 3497
120 103 4949
28 123 22719
69 54 5521
48 185 24057
179 131 17865
186 50 7664
127 183 32619
4 169 4053
150 58 29309
108 89 6889
115 10 11394
52 107 28304
41 144 18983
176 49 2906
166 182 14584
12 81 5059
97 8 10162
156 130 2429
38 164 15592
9 3 1136
135 19 14102
70 169 17122
197 108 1627
60 42 15971
64 49 3947
169 72 18285
72 160 26747
109 12 6618
86 110 21561
170 175 30366
93 120 21511
53 112 9063
86 120 12819
52 194 20241
187 119 11528
184 124 21011
139 111 19045
144 170 9286
103 30 4547
114 45 15812
90 54 25227
177 7 32420
195 15 1775
89 78 14817
23 9 27172
39 198 10681
160 189 15657
155 52 30772
112 47 11430
153 159 13508
63 41 25509
105 97 6161
199 34 16947
55 2 26998
12 111 15400
99 111 17847
69 155 5035
25 115 31989
76 185 25651
6 183 19956
13 11 1540
106 98 32547
49 116 1922
19 2 18957
86 63 8407
72 135 19487
26 138 28597
81 39 18398
101 35 17468
152 166 1033
7 191 9550
181 21 4670
154 34 16857
13 103 19723
133 79 5596
129 187 32166
145 132 27958
185 33 25494
22 175 29559
58 198 23827
108 152 30548
182 191 15594
45 3 16749
22 146 809
126 155 10622
103 163 16346
160 95 16955
117 52 29594
122 90 21344
146 170 22479
102 26 15040
118 111 10438
148 93 87
88 55 26123
131 175 16045
5 109 4517
56 132 18441
161 124 21808
33 157 31297
43 72 11235
106 157 20022
105 38 21249
145 177 11572
31 2 24139
126 133 17870
182 111 29801
41 74 19186
163 105 30567
88 63 2884
46 74 18362
95 188 29706
9 198 29798
29 19 10787
28 146 6456
103 89 15591
175 30 29758
107 104 25056
139 179 28119
49 109 30142
120 146 31507
22 181 32240
62 53 30786
111 120 26568
181 12 27097
197 43 5403
158 54 3101
36 33 15282
99 83 20022
188 199 1040
125 103 21388
72 88 32083
102 49 28331
34 174 14138
155 57 19189
11 156 28830
174 154 14067
181 105 6099
118 129 18179
15 126 11224
104 96 26796
155 3 12344
31 161 2285
3 142 11019
80 108 13366
12 80 23421
98 120 9462
101 52 20667
21 78 7642
79 176 5185
109 116 16181
111 120 2008
77 64 21292
74 68 14020
20 54 25238
5 29 31477
178 199 21683
197 7 19000
180 135 30242
85 67 5305
85 76 6087
40 176 9558
102 193 5245
63 172 15763
169 26 1212
92 119 562
126 64 18862
31 66 2739
67 63 30014
7 165 21840
117 67 31524
128 102 21046
160 112 5885
83 104 31736
114 29 32246
10 115 22689
127 48 22155
9 151 5576
56 184 8043
39 83 2961
160 97 13955
113 195 7561
28 100 9147
26 57 32178
180 46 14060
189 118 5444
29 123 32532
185 57 6126
14 127 12509
119 200 22934
24 25 19681
85 61 13288
114 78 19042
111 167 28737
36 90 18760
110 65 5034
173 57 26272
1 150 26116
11 187 20723
187 152 27291
5 145 13877
21 169 4013
81 117 11026
58 104 27572
43 42 19427
72 23 17005
58 119 8605
117 27 4340
141 83 22894
3 40 22381
150 76 11231
13 79 4114
87 23 30915
2 17 3744
16 84 12081
139 192 12403
20 117 9563
120 173 9432
160 30 6660
108 195 30300
26 181 18911
145 126 12572
52 85 23843
131 86 22377
108 107 1550
71 156 7482
5 66 1848
5 70 27711
179 120 4317
16 141 19865
41 2 1677
161 137 21374
70 199 23262
167 61 19538
124 41 21781
103 181 14843
128 61 21732
65 150 2943
116 7 4780
82 95 15405
19 44 32485
147 3 4820
173 186 20891
111 191 5349
148 161 8992
26 186 11373
186 76 6496
48 44 19779
127 163 24961
58 176 25832
165 45 25517
44 196 25062
180 127 28482
171 177 29364
151 195 6064
137 23 4451
121 138 11987
32 95 22697
123 88 18323
124 60 18426
185 15 1021
122 42 22489
168 53 13380
176 59 23685
12 129 2115
140 145 1190
150 54 23414
149 188 4786
33 17 905
7 39 4886
26 93 5097
66 22 5747
25 123 19706
112 81 11877
116 91 31719
94 189 25778
45 190 30756
200 30 28633
185 59 15888
162 78 21834
115 139 29286
108 103 18651
132 105 28760
10 116 14900
164 47 29836
198 9 29764
66 11 4431
78 47 18431
170 4 27833
140 169 17141
150 94 26529
116 122 15235
167 188 17542
70 79 22443
73 84 18399
32 118 28887
96 183 10090
141 93 9747
37 51 1149
93 149 24449
164 159 11611
57 73 18714
35 121 3100
189 18 12270
143 137 3507
155 152 1159
124 6 31242
48 78 24098
83 198 15958
101 165 1484
77 155 7432
145 149 7601
81 82 8978
150 106 14362
14 65 14413
7 66 29423
132 133 12615
154 46 16309
60 13 713
114 111 13668
182 55 11208
40 160 28808
116 42 10411
107 49 28547
79 73 23298
141 74 21497
130 190 21286
9 115 20381
146 177 25949
153 1 4607
163 161 31345
168 50 7697
106 150 11232
104 179 20850
8 99 1550
60 32 27846
29 141 20250
60 113 25507
172 69 32589
134 28 29660
6 82 16445
176 7 20270
110 74 23057
126 170 20383
17 162 653
135 50 3597
178 167 6099
114 150 5053
74 71 249
118 145 4847
69 144 18661
85 22 26554
191 14 7176
199 117 27080
39 53 12281
18 33 8353
31 45 21496
39 197 1961
174 4 3042
146 50 3069
106 176 13091
57 69 7635
79 48 19355
53 96 24585
99 198 23714
4 55 1031
120 2 12422
141 130 1316
42 71 25397
146 5 3618
12 86 8951
89 63 11400
102 89 19555
50 45 24807
173 129 15602
135 60 26685
147 58 25567
136 5 6684
200 193 20274
82 177 14409
112 199 17196
42 184 24537
197 5 25708
55 85 16682
139 174 12674
62 97 11038
166 150 1746
58 49 8070
192 41 16368
155 47 24996
146 182 19419
109 162 3362
96 180 17859
5 33 4854
34 112 27202
67 66 19217
14 72 8488
28 180 27841
171 199 24141
42 152 1327
175 40 24590
125 186 14953
92 122 24657
71 158 8911
27 19 13647
18 45 990
170 64 12660
158 156 14513
22 130 24080
120 124 8111
193 24 691
153 35 4152
116 181 23399
160 28 19549
157 84 31269
64 28 30682
100 105 9276
64 11 9458
58 95 6783
89 9 20697
10 44 13170
185 160 1234
40 76 4312
178 171 3633
139 107 5703
156 6 11986
27 128 11439
20 14 6354
61 91 24313
32 186 19336
33 26 1579
185 162 19728
29 39 8108
55 170 4835
77 105 5795
18 122 1368
12 16 20873
161 56 13565
67 71 18271
34 9 26149
68 43 19497
112 167 22061
196 60 15006
46 195 24372
78 127 12593
190 22 12897
164 189 21209
112 42 5620
112 126 28735
155 90 15275
146 70 15431
33 138 11586
53 150 18182
3 128 18459
183 141 31906
39 135 7764
100 119 25014
22 26 8909
98 170 19753
31 36 5875
86 31 32671
177 105 5188
3 83 17127
116 31 4333
153 76 16407
21 148 13815
94 131 2356
24 27 5835
106 161 31641
127 119 9514
58 189 12922
186 28 27073
131 68 19760
175 167 26879
73 45 25402
121 34 31972
