100 50
21 39 32224
35 39 30869
43 14 10370
25 6 22261
21 16 9818
1 28 8290
50 38 31178
19 2 1219
35 38 19229
15 42 12017
14 2 27323
9 43 22166
35 4 20312
32 46 25830
23 22 9254
19 12 18581
7 17 4180
50 1 27067
7 15 26725
6 46 19589
31 39 17185
18 16 27105
38 50 18221
44 9 10125
23 39 17293
27 34 13608
26 12 5281
12 5 31292
20 47 18519
12 40 16733
24 2 14249
28 49 30409
27 49 12451
28 42 13619
22 38 9090
24 35 2459
40 48 24238
11 44 24421
14 40 4247
5 37 30730
21 16 21443
35 23 15898
29 36 18576
46 18 14693
6 26 366
15 7 31369
49 38 6569
38 37 3637
6 35 1009
5 39 31966
3 7 17733
35 50 6593
17 23 14837
47 49 31838
29 12 32196
48 27 467
47 27 28035
3 25 12231
49 47 18323
14 18 22715
21 22 563
22 6 507
9 31 20867
34 12 21906
20 2 23715
48 32 28382
41 37 6236
22 36 7873
41 15 30508
16 31 27773
4 11 27058
36 20 10946
22 9 22481
46 17 1138
45 12 6648
24 13 31526
35 28 23417
17 42 388
26 31 468
1 28 13784
45 30 2655
15 5 21907
50 47 5811
37 42 24738
21 29 27079
40 15 7092
38 29 12958
27 13 17134
43 38 32499
30 45 23194
14 8 24397
25 27 12751
29 7 30550
14 50 27446
23 48 14458
32 41 19009
10 27 10761
39 38 10143
42 11 14712
18 29 23982
