300 100
90 38 2473
23 17 16480
37 57 3956
13 11 402
97 26 3049
80 50 11152
100 75 32293
63 69 20267
68 87 2061
23 61 10516
31 82 3528
76 32 11219
86 46 4725
34 70 30985
64 62 29390
5 14 27262
19 47 15517
52 88 5337
25 27 23074
16 99 2294
65 8 10981
93 92 22057
48 75 32649
9 70 16120
9 40 21651
65 72 785
45 10 10314
12 79 25732
68 3 29207
53 6 29580
67 83 9743
14 4 878
26 94 23951
83 54 17456
88 1 17932
84 21 10297
42 74 27020
46 48 18975
31 51 20576
63 26 17958
2 36 29204
26 90 15423
91 60 31673
6 100 17033
9 96 11241
84 33 17830
81 50 31036
12 60 31581
39 88 30217
10 74 30041
29 96 31908
10 49 23832
87 63 12663
89 60 16183
98 94 25770
20 100 23489
96 90 25402
78 27 561
67 41 26534
66 80 25409
5 65 9379
90 51 18365
34 52 26740
73 48 4855
98 61 9684
60 66 12426
63 5 22427
10 30 22672
80 21 18047
53 11 17014
35 39 17577
47 48 15894
71 86 2285
43 17 3006
74 63 994
20 100 32583
18 84 25408
30 99 20341
62 37 3098
61 92 14889
26 83 13049
24 40 12088
42 97 28896
74 3 20189
31 14 22206
25 97 1569
50 94 7390
62 67 17073
32 22 12886
62 96 26874
97 62 12414
83 46 14970
9 41 8438
81 92 32691
75 27 10447
94 26 24609
59 3 6593
13 79 11287
59 53 12967
46 81 18301
35 41 2699
81 92 12732
53 68 19978
2 26 9825
66 1 11487
46 94 21305
100 48 9675
36 78 29686
75 62 22849
82 80 6301
91 50 16242
15 58 17228
42 29 7349
74 14 13085
40 1 26463
92 19 27948
96 92 5249
99 39 12813
92 14 32045
8 30 23858
3 58 21552
15 80 32018
13 12 1114
18 58 5657
97 66 23000
57 56 18327
17 8 7462
32 14 16726
48 92 21662
38 13 29054
1 51 18873
81 100 24041
68 40 16760
74 59 2329
97 61 9098
89 16 25200
43 5 8754
80 91 25177
73 81 25852
43 49 26238
63 46 21173
42 97 30534
4 73 27467
47 42 10028
98 7 16516
52 73 1456
58 85 5287
2 86 31471
23 62 2184
77 15 7717
20 38 7840
26 49 2218
65 63 16143
38 71 6180
4 84 26818
13 38 22020
100 46 26128
95 8 8080
31 39 16258
23 100 252
17 19 21938
43 92 20328
42 97 4954
55 82 14524
30 35 6925
36 43 3510
63 54 16432
99 33 18859
38 57 4399
3 17 7366
20 80 18686
12 57 20679
99 71 14435
92 70 5529
64 23 11181
61 48 27186
86 6 4015
18 73 16282
46 43 12610
37 45 28428
90 92 29853
25 29 31120
46 54 24125
91 67 5762
44 45 19772
55 12 10197
94 88 26431
57 63 3620
26 7 103
92 60 23494
44 89 19948
81 41 23932
6 61 69
60 15 10364
5 87 2576
43 47 10461
21 2 27410
87 40 22714
31 11 25350
21 59 10106
60 54 1566
8 43 31270
58 25 23895
57 30 24761
94 22 5908
2 98 29117
68 7 24736
52 80 1222
7 5 24445
4 81 3458
66 1 31158
28 78 29804
71 18 16006
41 21 18295
42 11 23821
23 10 19489
98 35 15614
15 95 11727
42 27 3415
85 6 1633
48 66 1956
84 99 9314
90 41 19050
91 39 2366
48 95 7072
93 10 29538
89 27 11365
69 95 13110
46 45 10576
32 11 22349
88 13 3859
91 81 15172
96 45 28998
68 43 1571
91 23 12688
42 84 30779
8 79 8080
83 70 24026
45 25 11820
4 90 25424
28 11 26935
18 26 12304
19 90 11917
72 51 27127
18 92 28683
59 37 24321
83 28 25
100 5 25329
7 43 12447
36 37 16313
90 42 27795
17 93 15011
37 99 32400
39 9 30091
35 3 31493
32 3 10922
10 83 21259
39 2 15042
21 47 31968
42 22 4269
24 76 29071
25 20 19095
87 67 2911
20 99 14451
27 3 9968
9 13 24676
3 22 22834
80 71 11574
94 18 9886
67 1 25
4 49 31833
62 82 26168
29 7 18981
28 67 31725
12 15 5198
68 90 25236
77 1 14069
58 40 27478
26 5 28775
15 64 2136
49 35 11876
68 62 1851
44 55 6780
7 26 23249
41 94 3058
78 63 8041
31 4 27078
86 17 23591
1 29 13773
8 31 7493
42 59 520
78 92 11819
11 42 918
83 90 18369
24 26 25330
84 21 18029
43 43 24420
13 62 15506
69 50 27587
7 55 18834
