401 512
152 326 29575
376 424 25266
41 38 566
296 262 19203
248 360 10082
365 353 12597
183 433 21270
206 204 30499
1 238 22756
307 66 5905
23 233 13965
202 247 19985
459 199 24083
431 501 15829
116 103 24094
90 333 23428
222 493 7121
352 147 15564
397 260 5006
272 143 29007
205 156 21048
485 66 26127
106 300 7913
245 436 8598
4 197 11589
443 287 19165
82 371 15046
239 373 12869
223 451 15801
73 348 19241
252 103 23240
357 10 32191
509 333 15933
31 427 17522
2 422 18535
289 308 29909
468 429 18630
379 474 13272
412 49 23022
119 125 13815
390 304 24633
270 448 24428
139 512 18373
166 444 28079
243 222 29264
255 89 23241
340 216 25585
380 476 29771
17 108 13757
46 303 31458
175 90 14297
318 479 23770
377 368 2190
442 505 3355
320 349 19533
200 31 26971
67 468 13009
198 135 26012
133 126 8130
497 469 6194
277 398 12665
121 222 6371
273 502 3808
50 221 16093
119 399 28034
69 416 29849
504 173 13120
392 440 26085
106 506 849
106 176 2983
395 141 31855
407 467 23064
313 407 32350
187 20 27017
326 26 1847
273 8 9973
400 136 11542
416 284 16611
264 320 30496
342 356 28265
460 59 28924
349 449 10579
387 364 22066
94 41 20922
147 160 12047
403 80 16519
499 223 16126
213 276 24513
165 157 17521
262 329 17040
276 320 21725
134 224 15453
498 448 9031
414 386 28023
334 369 20088
251 12 29988
493 308 31708
177 145 17422
52 164 5769
99 218 14173
289 503 5643
384 362 1034
301 175 18146
180 409 23340
3 75 16092
512 325 25423
369 413 428
274 293 30733
264 107 28269
475 196 26763
313 134 27890
369 428 30341
504 129 2580
440 339 29447
48 418 21599
119 436 21268
130 469 26308
184 207 17851
301 410 13636
421 347 1647
17 327 28590
66 363 10657
293 31 14558
438 479 18156
223 256 5417
1 465 31565
348 446 24791
328 351 5950
73 357 26581
43 389 14267
220 243 27147
443 225 22116
99 333 1020
5 400 23656
297 125 10638
88 149 17629
204 373 12601
165 347 11941
52 242 26604
435 88 13086
196 306 23133
504 474 15913
397 404 32432
339 125 19783
125 102 16783
4 235 14054
222 100 15400
401 201 14354
432 182 5299
112 254 22046
406 373 20840
446 445 29453
369 506 17934
67 247 5815
482 388 20110
138 26 13321
324 502 19753
489 81 26828
226 454 28998
161 159 12243
369 329 13299
380 389 2182
26 257 18830
408 22 1059
150 419 5164
322 170 18475
40 480 30908
265 399 14034
124 316 26878
115 94 24948
181 129 3774
507 236 32337
44 386 22766
62 230 8740
431 336 18849
133 414 18263
323 274 23540
268 403 2008
438 281 15190
435 431 11227
131 235 25062
4 101 7962
468 89 6578
426 258 20291
427 223 23835
208 499 14778
114 470 15540
8 216 21467
137 331 21837
415 395 20574
392 112 3852
143 404 23946
334 8 26304
364 407 9048
21 56 29913
3 192 21952
35 162 20899
127 64 28345
208 191 27827
337 336 25780
507 456 32180
306 87 17828
30 177 28394
242 39 21453
168 5 5672
246 113 26854
324 163 20238
143 216 19806
49 430 8650
406 81 11460
223 298 9137
231 175 11672
356 29 15203
187 140 16917
145 46 30825
495 497 22714
424 29 20059
434 105 30353
510 383 19993
313 353 19083
22 422 31647
363 8 16489
247 166 11634
152 5 21259
456 203 2755
194 196 10521
246 510 20405
258 296 13413
370 497 2921
259 474 27515
459 260 8636
438 160 5674
48 322 2786
169 332 22813
406 492 9530
416 337 442
415 354 531
103 257 23253
502 117 29759
250 499 23555
305 354 24475
106 47 8339
129 512 27392
308 17 4207
186 499 21044
478 252 21624
116 220 15318
279 339 24857
80 476 14168
176 96 25893
428 229 29061
294 255 4160
338 431 21030
404 78 15190
214 334 9151
69 443 22270
199 184 11908
71 20 28336
228 444 25065
159 405 23866
234 312 21638
23 257 19929
449 149 6175
194 70 9948
4 465 12303
161 326 19911
70 152 29299
269 435 10817
123 65 20663
218 288 13402
364 430 635
332 182 1007
41 340 26094
81 52 4653
196 256 11019
162 28 31626
239 21 7008
181 315 24490
38 75 5696
425 496 19976
138 69 14745
403 480 20830
167 113 14783
213 247 28962
422 15 12009
98 231 14221
206 338 11580
287 125 17419
51 250 25739
194 144 32007
7 218 22334
224 80 24934
245 31 1026
258 315 6458
344 347 13347
252 266 1650
95 413 4293
225 78 2441
340 286 15200
65 149 17288
162 331 31261
150 340 9693
335 310 9995
271 233 27081
258 174 2379
19 360 25722
465 405 8604
313 281 27153
105 43 20462
135 210 24853
78 99 7664
44 143 6448
320 383 31397
35 241 15140
20 139 23951
336 148 3417
123 364 11250
30 89 8054
133 408 26929
173 20 2267
499 182 17248
252 318 4356
136 192 32636
463 416 9745
505 79 13542
269 17 17672
314 318 15888
235 438 14485
41 207 21643
306 106 9804
490 486 2247
68 318 6073
381 295 14923
484 39 21446
326 500 29494
457 85 17977
419 151 8762
119 211 11874
463 294 12408
257 335 11050
402 478 27880
156 329 18975
404 267 19757
298 504 20535
344 434 9222
39 411 22111
285 411 14270
414 284 22798
310 113 10056
272 302 20857
421 264 23269
118 71 10262
496 278 25995
445 295 7056
141 213 20074
370 462 25699
95 367 17976
383 268 15529
15 38 25135
281 271 21740
74 398 9960
347 419 29176
304 344 1904
30 246 17660
116 126 4426
268 31 22140
249 209 23621
260 194 26087
502 56 3395
70 381 15052
231 282 23914
3 263 25087
208 214 13141
62 41 49
160 44 576
298 244 5320
443 263 25411
359 486 2806
233 9 18196
198 471 7272
322 451 17139
384 492 8189
470 140 27040
4 223 14434
18 321 27028
460 340 16787
65 130 23505
467 290 10629
143 295 23297
417 434 24454
125 507 12488
13 480 1823
425 2 14182
293 2 28277
77 475 2084
215 263 15736
239 502 17187
85 454 14952
16 181 15231
71 503 10620
481 183 10990
