800 200
8 65 17561
8 55 10071
44 84 4655
115 116 22177
98 86 1970
180 33 25461
176 117 5100
127 157 17200
193 115 14529
147 192 3009
12 184 15626
14 103 22023
80 29 25092
144 104 23993
105 117 31767
42 143 5131
42 27 6664
116 169 27761
198 141 4817
63 192 14126
131 40 12727
111 104 29586
115 56 6484
137 62 13329
37 85 10671
144 19 2206
81 169 2709
62 196 30698
53 162 17110
144 73 28279
46 184 19984
157 122 17062
24 45 15916
43 144 3873
200 48 29375
86 42 16721
63 44 8162
104 115 24517
103 145 3916
99 5 19635
154 80 2473
114 11 13047
95 200 31623
143 161 28732
99 2 78
48 60 15673
109 69 22299
110 149 7458
177 10 12420
74 171 20416
177 29 4478
188 192 11722
105 109 1793
20 190 3447
93 33 26407
58 174 7525
144 173 12237
56 100 7746
133 86 2052
150 12 6109
187 47 20696
62 134 9350
151 109 23340
122 93 17904
65 113 5067
159 158 30951
68 38 5074
119 133 31131
128 66 21281
178 151 28753
175 16 2939
90 142 7866
151 198 32375
93 188 12347
53 123 5490
160 17 5102
60 17 2593
104 188 21800
93 74 16249
142 175 20416
7 76 32255
6 182 28527
193 34 13250
115 200 30212
134 173 30607
133 145 6717
117 88 12318
106 26 16770
186 35 13124
87 151 12505
40 186 18037
49 38 26064
2 66 28951
185 67 26152
136 35 23159
71 103 19843
173 187 18524
140 135 17010
98 13 4241
158 76 22664
165 72 16088
98 147 19300
81 81 8740
28 136 32461
89 62 14097
3 162 23126
174 98 19186
152 87 31525
107 10 2534
80 119 25807
105 19 17370
131 172 25195
68 96 24417
159 152 15175
46 133 32453
76 16 19174
172 90 6857
183 152 558
147 173 6113
32 92 26606
78 190 28156
134 51 26923
105 165 12302
105 2 15821
194 43 26620
33 157 25766
89 138 9367
149 161 20969
68 77 4809
171 116 28041
136 125 22563
91 24 31520
45 134 29807
153 119 2884
93 93 236
161 108 13940
24 134 1888
12 166 11280
162 93 12335
97 52 9194
135 86 32261
120 188 3958
169 193 1764
12 36 4013
127 144 26001
189 26 18192
89 182 19376
31 24 11127
129 115 31767
156 101 4495
64 146 22041
85 196 23602
162 94 19932
12 25 5119
98 153 761
68 1 16347
188 42 28143
164 23 13639
98 121 9782
61 114 20392
173 117 24056
147 37 8181
112 48 11697
173 87 17004
96 44 31054
54 77 11833
148 172 27005
145 169 4920
155 151 30540
41 17 17456
57 3 11602
1 63 20547
129 115 22758
57 12 23652
77 171 16193
179 192 5644
96 19 21881
113 187 19089
56 180 18346
107 129 23231
69 104 6880
91 110 30891
66 61 13933
73 168 28118
126 51 29902
137 113 8733
106 123 20830
107 115 20482
56 112 12120
20 168 20820
195 121 24571
196 42 18250
105 53 18641
4 66 9085
17 68 10338
37 195 21362
136 106 18140
105 100 5772
84 45 12670
91 31 26271
123 146 17085
73 192 25983
44 4 32386
49 56 1594
96 74 241
170 127 14050
157 170 14233
134 159 14354
200 26 10239
138 29 8595
148 184 29660
33 18 24518
1 89 27278
148 148 19399
187 22 6277
100 66 28771
195 37 14520
189 131 10318
8 102 355
22 102 5706
101 139 19614
88 39 5653
188 89 26255
53 98 15702
183 51 9790
183 66 26090
83 1 13150
188 140 5948
66 96 19074
115 99 2693
23 113 17047
32 63 1587
79 166 22939
124 126 30404
17 25 13287
113 88 4053
45 43 20621
188 69 28215
10 30 20114
102 9 15430
23 3 2572
64 78 19421
197 121 9581
113 68 1428
125 70 21127
80 158 814
49 142 28681
133 58 15199
137 44 9091
17 159 24410
126 144 19762
77 52 32443
147 92 23083
1 29 17617
182 162 25241
199 9 14932
24 81 32037
35 151 30980
78 200 3533
128 40 15056
169 86 26024
74 91 13419
35 87 6769
112 112 19322
16 10 24525
58 34 712
73 26 12713
160 110 31518
176 103 5668
149 189 13740
66 86 30422
171 54 27952
164 55 23688
19 16 27960
180 32 1413
131 86 23345
176 191 11828
86 94 31526
158 197 17570
46 6 10836
103 169 29463
188 84 9224
115 89 17138
120 36 14685
92 84 24677
158 34 720
119 35 4289
49 119 19147
92 38 2160
88 135 4754
33 145 19160
25 73 12088
3 100 28086
185 68 8839
90 96 19123
163 98 5118
37 64 11580
100 99 14419
37 126 12273
120 194 6683
168 52 5148
159 25 9352
46 3 14093
165 175 6488
136 134 13402
196 113 19819
151 156 4428
143 152 13221
163 181 19709
47 106 29687
9 2 12791
109 88 7369
101 50 6491
71 11 30497
119 106 17612
14 166 14905
6 105 23477
15 134 22876
145 190 16815
132 44 32581
66 138 14085
134 91 3165
191 11 20902
121 7 10619
152 154 11284
85 150 18208
179 115 30981
161 6 16709
7 183 19920
137 122 27180
179 166 15078
183 149 726
94 196 222
34 199 13844
199 52 10717
92 27 4933
179 17 23148
99 2 22591
184 62 6635
108 194 9721
173 150 29257
1 107 4586
9 53 26545
147 160 30277
125 16 15417
33 148 32108
162 163 2278
56 171 14677
17 101 15491
181 137 13754
162 8 23052
16 105 27721
11 20 11213
118 170 25644
157 87 23903
110 64 8865
89 9 24106
160 128 30847
165 33 24336
193 195 14553
62 23 369
170 103 3867
37 169 12977
62 70 3926
81 53 1745
164 96 18840
107 114 32240
79 147 12673
44 38 19364
38 66 7548
182 158 17545
100 45 3379
199 115 21890
142 185 23879
112 32 10615
200 108 7762
124 164 13719
18 95 32690
76 43 6507
182 194 12986
110 54 26422
6 42 26933
196 195 21119
173 85 10847
46 54 15791
151 134 15304
156 4 32044
82 118 22449
158 159 13663
65 108 28907
178 114 19067
20 121 25665
1 32 15367
150 178 16874
194 112 19321
69 181 23971
177 169 17503
135 60 8795
44 20 30190
79 166 20116
27 166 14571
135 107 20713
40 35 2638
109 72 2140
168 5 8718
54 164 16981
101 73 20209
171 182 119
125 140 4958
170 60 27323
158 146 21632
136 60 26225
76 30 13368
93 146 10514
157 119 14257
147 145 22031
36 47 30613
122 165 22776
52 115 5172
107 136 18869
150 29 22300
1 168 20141
41 69 7406
74 1 12549
129 138 9593
197 147 16734
25 19 3430
116 115 20421
96 87 19438
59 154 26533
89 51 26749
92 52 18692
193 122 1833
45 75 19022
176 5 14435
192 139 31357
73 10 30550
47 196 4445
192 192 17351
102 93 3132
126 34 6006
74 130 20302
166 154 27727
134 191 22656
45 36 28655
199 65 3740
63 43 10824
9 172 4065
36 47 6245
190 25 9605
61 115 22943
153 47 15796
122 36 23753
110 125 5133
122 27 19473
171 129 4269
173 173 6577
23 145 28738
132 161 21664
178 70 3012
12 86 9192
158 76 9407
177 103 16455
6 13 858
46 137 20294
193 43 1397
93 85 28655
36 79 2716
57 132 26818
171 48 32422
41 142 1954
39 34 13609
103 148 14278
97 35 25139
197 25 26367
31 45 20721
126 192 23236
118 159 5913
81 64 24302
144 6 31838
183 167 4872
131 200 12087
152 5 22678
30 162 15542
81 98 21454
91 194 10066
149 131 24973
15 172 30913
198 137 10389
61 61 21852
98 122 20816
161 17 31656
181 48 18099
50 128 18673
22 111 31731
53 66 25630
49 178 24105
177 43 8739
183 67 9754
27 99 9155
65 129 32186
81 193 8825
144 98 11817
183 188 29382
81 36 7736
87 189 31795
116 87 7864
156 46 23498
161 9 10527
137 148 9169
195 117 7755
184 175 17420
180 53 3686
193 50 10197
171 33 28736
41 25 5059
164 33 15763
157 1 21189
10 174 31497
117 135 25289
99 134 5645
166 95 7028
195 151 1949
63 137 19833
196 92 8887
158 103 10114
151 108 11818
152 170 21976
91 183 13500
63 171 25635
54 38 9229
67 119 29945
33 147 12709
82 87 31006
93 5 24324
166 115 16539
12 49 10418
189 177 6678
73 149 16803
181 96 18709
54 33 872
104 63 31245
45 91 17669
73 96 4980
68 42 25959
41 17 25895
151 166 21445
81 188 21476
130 80 3967
38 137 17581
121 75 18990
15 132 19533
69 157 23043
58 39 4435
31 72 20399
181 152 29503
177 26 6750
75 41 30651
148 13 32146
24 37 18193
11 79 2021
19 66 13115
185 31 1775
166 116 28997
184 113 29677
53 10 25308
152 47 21980
76 119 7728
175 123 26909
42 199 23715
189 2 20967
90 21 11480
172 143 1542
124 1 17173
86 186 17350
171 128 6943
39 22 9970
90 59 24822
93 156 2638
39 100 21023
76 119 13051
93 25 3923
59 75 5283
131 26 14037
148 84 8286
42 61 10689
198 76 21935
83 101 8962
147 2 1038
104 182 21732
189 83 9430
158 44 10831
66 42 16525
11 194 6963
155 46 16360
106 73 20401
183 74 10232
114 186 9211
122 23 25176
8 105 3853
51 193 9569
14 54 2211
9 71 9644
99 84 24349
108 187 16739
100 67 3120
96 33 7990
189 127 3987
116 50 5617
180 66 14602
147 157 28418
147 24 10109
186 21 1391
130 82 10494
182 165 13328
138 145 10217
63 84 18693
29 32 31621
88 116 6596
192 32 22219
138 100 10801
93 85 15940
106 133 29339
71 102 30236
71 183 31644
50 25 19412
65 50 5152
191 150 2884
197 152 9519
154 46 25796
33 198 26656
76 152 6842
15 29 22374
90 111 1758
116 92 26395
48 62 31723
46 174 14821
56 122 18087
163 1 28667
49 174 10586
60 140 10570
8 52 12074
43 78 12553
60 48 12550
59 140 22595
198 116 27639
35 194 5661
116 18 10514
30 86 26593
107 177 16743
21 168 28694
54 50 19616
136 64 19245
178 159 5923
163 4 18827
102 196 9470
59 136 2553
181 144 6374
4 3 7360
7 44 25350
171 18 14073
11 63 12671
78 67 24284
166 5 19648
140 102 11540
77 19 25627
165 64 5211
24 82 25418
65 166 26613
65 121 18369
141 33 25279
133 188 9466
102 30 3046
149 170 10527
132 82 21387
156 21 4035
112 83 28895
176 38 5766
83 26 15475
112 100 18390
114 160 17626
156 96 23089
45 119 206
35 66 1674
154 159 6507
144 149 9930
176 8 8269
58 76 13695
150 52 28814
21 111 31280
92 50 18159
192 145 23039
73 104 7360
143 21 31347
66 63 21045
79 142 13477
170 28 2130
7 104 20770
46 92 32660
124 64 14658
101 164 14331
6 183 18631
71 10 14377
2 25 17149
99 6 7341
131 155 12465
142 15 11697
57 54 10426
136 146 2218
104 146 19186
124 180 15545
167 192 5566
171 132 23512
161 69 18600
33 137 18450
168 48 19090
43 151 15186
150 181 6273
185 16 393
178 24 10789
39 132 26689
27 181 2939
105 23 21462
164 120 14135
158 114 2538
158 96 5097
19 162 25043
47 13 26099
48 160 32521
80 158 8892
134 191 20206
28 128 26075
28 24 2654
95 75 26369
57 139 17634
23 70 18410
82 70 28294
123 129 29607
72 85 27298
108 115 9461
180 129 19725
94 182 3971
48 41 16535
66 180 10323
96 8 23746
49 48 13207
183 143 5645
157 13 8894
113 97 19276
149 47 31631
39 68 3048
63 151 2426
23 166 24059
111 44 3214
52 193 22684
97 166 1462
26 184 9697
39 136 13865
51 139 16732
125 42 30768
166 64 23329
153 143 20913
141 42 31890
80 171 5405
195 27 13192
189 150 9142
139 181 29073
142 130 31816
20 172 18523
76 122 17353
140 53 2439
149 13 29050
27 40 24433
171 115 20098
93 128 1462
199 178 6427
146 150 11138
189 113 26052
80 73 3812
162 40 23832
60 150 22463
124 29 17213
48 181 29201
193 162 24069
45 51 29348
87 178 24882
195 105 15977
80 21 5252
30 130 3083
162 157 32122
128 154 14458
163 131 1766
101 61 6786
49 10 31432
179 61 22183
95 152 14096
29 171 31711
39 128 25646
62 63 15070
77 165 11425
