600 400
89 226 15105
170 358 5886
69 199 1362
279 312 15432
38 224 28324
360 214 15181
393 137 1946
33 191 19186
376 162 3121
293 109 8030
21 150 18208
241 225 8539
148 248 13837
64 223 10032
376 50 2829
183 30 14781
223 289 20807
106 145 18715
23 283 13761
266 344 30230
35 132 4747
157 388 21043
233 322 10736
60 211 15913
65 52 20566
349 276 28397
260 72 26350
201 250 11206
121 142 20073
383 290 7170
278 172 12360
209 372 2375
104 52 30337
90 285 25490
216 84 21653
344 278 9820
81 46 12870
251 280 2698
351 152 26508
59 170 18186
31 190 23169
252 151 4680
389 231 855
342 239 12526
329 148 28563
167 283 12926
312 68 25896
243 178 6856
247 4 3875
327 81 12117
64 208 30986
85 365 565
115 388 23320
223 197 12243
342 142 10491
230 159 11196
114 362 17864
159 252 30847
162 291 824
189 204 20750
277 149 30575
68 338 11844
85 172 3033
99 262 16775
235 298 16611
398 144 1428
73 275 19870
7 380 30969
41 338 20359
375 226 463
133 388 32266
112 273 28843
204 288 5758
34 103 10467
261 93 18606
354 255 11933
350 201 8482
146 218 20278
393 228 5576
196 317 22286
246 319 17078
349 16 24513
252 269 24590
114 222 17473
292 30 22360
32 194 17534
135 315 28101
94 204 26749
254 107 2618
67 254 21254
38 262 279
12 388 32340
308 296 21778
352 280 24947
154 109 21412
285 163 19238
10 380 11472
128 70 26509
225 110 29015
123 242 30694
166 355 3984
374 220 20515
323 84 18043
118 29 17437
103 81 26576
335 356 24247
62 335 29967
46 89 5933
185 221 30947
137 146 19806
307 74 17751
354 230 13272
374 11 18598
276 215 1768
18 120 17845
327 339 4610
159 153 14963
118 116 8509
131 112 28088
253 369 8883
267 350 20309
227 112 31752
198 122 22643
126 170 609
254 111 16250
332 61 10135
77 41 27152
280 83 23917
77 164 24815
198 23 30723
151 268 29862
236 367 2796
112 346 3976
62 303 26765
32 63 12360
343 150 8617
377 329 2589
27 103 13130
279 167 6752
337 277 2921
211 200 30973
356 77 16640
64 222 4156
68 182 23150
286 159 4509
227 77 21840
298 234 14566
254 243 25919
154 30 2962
122 226 6934
115 20 4666
58 87 27815
162 108 23231
341 284 29966
394 151 13619
44 374 20477
395 81 25296
256 8 14009
5 103 9607
171 14 5028
172 7 6120
297 140 10623
148 85 16500
51 92 15827
255 94 16535
24 82 535
245 335 7897
250 211 19863
88 319 19727
110 390 10789
249 188 32394
307 74 20502
229 355 30616
123 306 547
182 152 1758
34 342 22551
246 101 8771
340 250 32642
317 300 31883
191 312 23489
383 372 9692
36 356 19218
255 241 14516
285 214 15521
379 252 1570
274 330 17312
123 374 30529
316 15 32239
355 311 16187
339 305 2271
43 79 20591
270 27 27922
127 16 8291
145 252 29322
207 256 29097
55 322 16482
299 200 26597
396 365 6088
9 315 27030
328 206 28718
45 252 5198
255 156 19152
171 262 7029
237 162 19967
326 262 7901
373 330 11471
61 48 11686
68 171 7708
150 146 4926
221 199 15879
371 244 1930
336 200 14159
277 68 14457
300 114 3641
62 366 12942
239 262 27879
350 71 16166
114 209 28998
17 141 12931
265 191 18175
254 73 10467
111 161 23570
6 58 10545
297 35 19711
126 341 23817
214 239 19882
257 119 22828
16 231 26209
172 176 7835
49 104 26792
197 395 23527
8 61 5558
128 375 22400
39 238 8403
102 13 7944
326 67 4586
29 136 27891
380 108 8459
366 206 31996
195 128 452
262 352 4408
87 123 19813
291 44 1228
299 187 23986
67 37 18065
169 53 1428
40 83 17711
279 127 15300
388 213 1906
380 393 2953
307 54 12002
88 316 2551
356 78 18417
42 351 12891
191 174 25141
53 367 31412
113 126 17537
127 46 14697
386 289 31719
87 323 10137
123 365 20960
305 76 30655
97 183 13620
66 25 11897
218 297 8783
94 22 15287
321 313 27436
214 326 19615
4 146 13314
6 176 737
177 362 24904
213 92 15448
271 199 23768
282 14 28198
230 218 21305
328 235 22705
195 368 10061
53 196 5673
327 392 10753
253 232 19326
259 173 29870
346 202 9199
250 327 26693
147 255 18844
398 206 6284
61 244 20928
301 260 8674
265 229 8569
208 212 24947
118 352 14414
137 39 4800
387 288 8146
190 167 17117
50 16 3093
228 311 10468
174 42 3773
289 234 5218
300 283 12034
373 18 5578
373 275 21223
354 363 6707
332 351 14936
13 29 15090
117 54 27424
359 142 19143
174 169 25809
292 312 1464
269 319 22037
44 60 1492
358 7 26882
224 245 3690
42 299 8798
117 56 12418
290 381 20482
205 138 3734
145 255 11449
82 210 27356
320 102 17483
393 36 674
237 349 20629
260 255 21128
33 173 20704
143 303 2720
140 52 3795
30 200 1721
205 381 12466
390 3 24160
341 312 28362
335 17 24930
264 149 4670
74 192 26824
220 305 7562
111 92 6573
390 287 29560
347 317 24161
152 279 3939
23 286 17324
123 3 31214
276 172 25395
196 318 10150
294 290 24911
117 247 27429
302 34 5075
373 238 10923
368 253 30871
45 377 10568
117 294 1467
123 118 32276
41 146 25354
170 79 22530
11 247 4827
234 273 31569
83 22 19047
89 126 3497
379 178 1135
267 73 22629
244 357 1692
58 346 13470
368 387 28944
190 90 27369
43 134 20726
204 173 241
231 315 25102
18 266 18767
19 188 152
235 107 7754
242 211 5118
232 87 3689
168 271 17455
248 132 31236
174 160 26256
84 177 17195
281 122 3301
282 187 19868
23 375 20388
150 74 12973
302 213 7828
323 246 19787
217 338 26014
280 58 11381
348 69 31036
197 246 7919
106 275 21750
327 247 30964
374 338 4024
181 186 32048
358 24 21780
71 357 1104
262 329 32686
81 191 10977
362 255 28764
129 345 865
140 2 16070
398 42 6821
277 268 13190
352 244 5887
166 276 28956
292 280 28372
123 280 6193
284 318 12668
304 200 23800
46 340 13725
75 59 16056
310 192 17005
109 155 12222
300 203 1390
387 93 19269
325 262 27822
182 103 2081
283 397 23953
386 120 31269
64 308 19109
17 132 31133
151 20 28441
190 258 16219
301 296 1223
150 330 32036
367 345 12797
151 122 1401
392 176 15963
270 154 792
345 196 27267
267 224 24492
343 62 7292
252 125 6778
359 36 737
91 25 17174
253 264 27489
128 332 24930
218 384 23839
13 226 7010
301 324 9697
89 17 12976
69 172 320
115 261 20115
17 275 25395
170 174 17666
260 239 19363
187 234 1054
299 44 28404
304 188 12006
351 341 32676
168 351 17208
379 140 3948
34 118 1106
137 160 25224
160 170 15474
66 220 15890
73 103 338
253 19 17048
183 174 21124
86 196 22094
290 80 30209
251 194 3725
364 124 13927
39 383 32383
82 334 26555
207 35 24876
242 235 10920
113 78 20286
137 283 7057
51 378 9523
81 91 16889
242 176 31971
393 4 32254
213 291 13685
29 294 11529
301 161 1862
8 218 7130
235 64 7490
359 55 27542
399 322 13255
131 156 8332
293 278 23819
386 255 29889
34 282 21905
230 372 3461
339 162 22339
88 229 10915
16 363 10268
265 352 7914
249 65 18825
46 61 11550
282 376 16370
60 212 4497
191 48 30213
260 77 24566
233 276 21940
278 110 15920
318 80 24848
225 27 14370
324 126 28510
313 266 15826
135 30 18201
335 234 9309
355 363 11207
282 278 2955
37 194 11972
2 262 9473
67 260 13421
367 200 22381
71 118 15189
286 205 26390
186 145 6512
233 78 32443
390 248 9038
105 80 30375
364 342 7133
276 134 23901
93 35 28500
141 106 23637
175 141 10798
13 270 27797
297 58 25944
3 128 14895
395 355 4879
291 334 25329
285 294 17396
332 233 15298
230 359 12899
128 36 18817
123 387 12820
81 256 28013
79 15 7304
120 256 14923
272 117 1751
14 246 20215
248 125 3032
274 321 15357
15 288 19894
9 285 13669
25 258 5233
247 239 28387
177 391 10979
153 210 20486
131 113 25143
217 59 32537
362 228 1013
276 74 25809
337 55 1303
54 195 4098
190 202 4290
88 305 6129
53 169 3983
188 41 5370
53 279 14477
190 30 21151
322 366 2924
62 5 19272
397 29 24419
204 90 7472
181 142 2259
136 377 18775
47 162 1984
362 225 112
329 266 19332
95 22 22310
293 6 27767
390 217 16943
202 318 23132
91 333 1022
57 373 30417
123 179 4379
265 196 29977
297 328 11621
224 205 13556
303 144 29646
98 58 13411
155 362 27472
120 33 13448
140 325 3880
26 102 22536
211 83 5533
32 271 26005
81 81 6111
12 89 1928
320 104 22209
71 255 27057
296 78 853
54 49 2258
343 226 32702
183 28 29528
251 134 19371
254 386 12621
262 69 4441
130 327 6556
115 344 23317
378 24 5403
116 35 11915
237 201 17407
225 10 29293
16 198 14491
348 210 27702
44 217 4766
399 208 7948
11 130 18478
123 251 12826
30 287 26256
137 269 5077
303 116 6716
